   7.0000000e+02   5.1203232e+00
   7.0110110e+02   5.1122816e+00
   7.0220220e+02   5.1042652e+00
   7.0330330e+02   5.0962739e+00
   7.0440440e+02   5.0883075e+00
   7.0550551e+02   5.0803661e+00
   7.0660661e+02   5.0724494e+00
   7.0770771e+02   5.0645573e+00
   7.0880881e+02   5.0566898e+00
   7.0990991e+02   5.0488466e+00
   7.1101101e+02   5.0410278e+00
   7.1211211e+02   5.0332331e+00
   7.1321321e+02   5.0254625e+00
   7.1431431e+02   5.0177158e+00
   7.1541542e+02   5.0099930e+00
   7.1651652e+02   5.0022940e+00
   7.1761762e+02   4.9946185e+00
   7.1871872e+02   4.9869666e+00
   7.1981982e+02   4.9793381e+00
   7.2092092e+02   4.9717329e+00
   7.2202202e+02   4.9641509e+00
   7.2312312e+02   4.9565919e+00
   7.2422422e+02   4.9490560e+00
   7.2532533e+02   4.9415429e+00
   7.2642643e+02   4.9340527e+00
   7.2752753e+02   4.9265851e+00
   7.2862863e+02   4.9191400e+00
   7.2972973e+02   4.9117175e+00
   7.3083083e+02   4.9043172e+00
   7.3193193e+02   4.8969393e+00
   7.3303303e+02   4.8895835e+00
   7.3413413e+02   4.8822498e+00
   7.3523524e+02   4.8749381e+00
   7.3633634e+02   4.8676482e+00
   7.3743744e+02   4.8603801e+00
   7.3853854e+02   4.8531337e+00
   7.3963964e+02   4.8459088e+00
   7.4074074e+02   4.8387054e+00
   7.4184184e+02   4.8315234e+00
   7.4294294e+02   4.8243627e+00
   7.4404404e+02   4.8172232e+00
   7.4514515e+02   4.8101048e+00
   7.4624625e+02   4.8030074e+00
   7.4734735e+02   4.7959309e+00
   7.4844845e+02   4.7888752e+00
   7.4954955e+02   4.7818403e+00
   7.5065065e+02   4.7748260e+00
   7.5175175e+02   4.7678323e+00
   7.5285285e+02   4.7608590e+00
   7.5395395e+02   4.7539060e+00
   7.5505506e+02   4.7469734e+00
   7.5615616e+02   4.7400609e+00
   7.5725726e+02   4.7331686e+00
   7.5835836e+02   4.7262962e+00
   7.5945946e+02   4.7194438e+00
   7.6056056e+02   4.7126112e+00
   7.6166166e+02   4.7057984e+00
   7.6276276e+02   4.6990053e+00
   7.6386386e+02   4.6922317e+00
   7.6496496e+02   4.6854777e+00
   7.6606607e+02   4.6787430e+00
   7.6716717e+02   4.6720277e+00
   7.6826827e+02   4.6653316e+00
   7.6936937e+02   4.6586547e+00
   7.7047047e+02   4.6519969e+00
   7.7157157e+02   4.6453581e+00
   7.7267267e+02   4.6387382e+00
   7.7377377e+02   4.6321372e+00
   7.7487487e+02   4.6255549e+00
   7.7597598e+02   4.6189913e+00
   7.7707708e+02   4.6124462e+00
   7.7817818e+02   4.6059198e+00
   7.7927928e+02   4.5994117e+00
   7.8038038e+02   4.5929220e+00
   7.8148148e+02   4.5864506e+00
   7.8258258e+02   4.5799975e+00
   7.8368368e+02   4.5735624e+00
   7.8478478e+02   4.5671454e+00
   7.8588589e+02   4.5607464e+00
   7.8698699e+02   4.5543653e+00
   7.8808809e+02   4.5480021e+00
   7.8918919e+02   4.5416565e+00
   7.9029029e+02   4.5353287e+00
   7.9139139e+02   4.5290185e+00
   7.9249249e+02   4.5227258e+00
   7.9359359e+02   4.5164506e+00
   7.9469469e+02   4.5101927e+00
   7.9579580e+02   4.5039522e+00
   7.9689690e+02   4.4977290e+00
   7.9799800e+02   4.4915229e+00
   7.9909910e+02   4.4853339e+00
   8.0020020e+02   4.4791619e+00
   8.0130130e+02   4.4730069e+00
   8.0240240e+02   4.4668688e+00
   8.0350350e+02   4.4607475e+00
   8.0460460e+02   4.4546430e+00
   8.0570571e+02   4.4485551e+00
   8.0680681e+02   4.4424839e+00
   8.0790791e+02   4.4364292e+00
   8.0900901e+02   4.4303910e+00
   8.1011011e+02   4.4243692e+00
   8.1121121e+02   4.4183638e+00
   8.1231231e+02   4.4123746e+00
   8.1341341e+02   4.4064017e+00
   8.1451451e+02   4.4004449e+00
   8.1561562e+02   4.3945042e+00
   8.1671672e+02   4.3885795e+00
   8.1781782e+02   4.3826708e+00
   8.1891892e+02   4.3767779e+00
   8.2002002e+02   4.3709009e+00
   8.2112112e+02   4.3650396e+00
   8.2222222e+02   4.3591941e+00
   8.2332332e+02   4.3533642e+00
   8.2442442e+02   4.3475498e+00
   8.2552553e+02   4.3417510e+00
   8.2662663e+02   4.3359676e+00
   8.2772773e+02   4.3301996e+00
   8.2882883e+02   4.3244469e+00
   8.2992993e+02   4.3187095e+00
   8.3103103e+02   4.3129873e+00
   8.3213213e+02   4.3072802e+00
   8.3323323e+02   4.3015882e+00
   8.3433433e+02   4.2959112e+00
   8.3543544e+02   4.2902492e+00
   8.3653654e+02   4.2846022e+00
   8.3763764e+02   4.2789699e+00
   8.3873874e+02   4.2733525e+00
   8.3983984e+02   4.2677497e+00
   8.4094094e+02   4.2621617e+00
   8.4204204e+02   4.2565882e+00
   8.4314314e+02   4.2510293e+00
   8.4424424e+02   4.2454850e+00
   8.4534535e+02   4.2399550e+00
   8.4644645e+02   4.2344395e+00
   8.4754755e+02   4.2289383e+00
   8.4864865e+02   4.2234513e+00
   8.4974975e+02   4.2179786e+00
   8.5085085e+02   4.2125200e+00
   8.5195195e+02   4.2070756e+00
   8.5305305e+02   4.2016452e+00
   8.5415415e+02   4.1962288e+00
   8.5525526e+02   4.1908263e+00
   8.5635636e+02   4.1854378e+00
   8.5745746e+02   4.1800631e+00
   8.5855856e+02   4.1747021e+00
   8.5965966e+02   4.1693549e+00
   8.6076076e+02   4.1640214e+00
   8.6186186e+02   4.1587015e+00
   8.6296296e+02   4.1533952e+00
   8.6406406e+02   4.1481024e+00
   8.6516517e+02   4.1428231e+00
   8.6626627e+02   4.1375572e+00
   8.6736737e+02   4.1323047e+00
   8.6846847e+02   4.1270655e+00
   8.6956957e+02   4.1218396e+00
   8.7067067e+02   4.1166268e+00
   8.7177177e+02   4.1114273e+00
   8.7287287e+02   4.1062408e+00
   8.7397397e+02   4.1010675e+00
   8.7507508e+02   4.0959071e+00
   8.7617618e+02   4.0907598e+00
   8.7727728e+02   4.0856253e+00
   8.7837838e+02   4.0805037e+00
   8.7947948e+02   4.0753950e+00
   8.8058058e+02   4.0702990e+00
   8.8168168e+02   4.0652157e+00
   8.8278278e+02   4.0601452e+00
   8.8388388e+02   4.0550872e+00
   8.8498498e+02   4.0500419e+00
   8.8608609e+02   4.0450091e+00
   8.8718719e+02   4.0399887e+00
   8.8828829e+02   4.0349809e+00
   8.8938939e+02   4.0299854e+00
   8.9049049e+02   4.0250023e+00
   8.9159159e+02   4.0200315e+00
   8.9269269e+02   4.0150729e+00
   8.9379379e+02   4.0101266e+00
   8.9489489e+02   4.0051924e+00
   8.9599600e+02   4.0002704e+00
   8.9709710e+02   3.9953604e+00
   8.9819820e+02   3.9904625e+00
   8.9929930e+02   3.9855766e+00
   9.0040040e+02   3.9807026e+00
   9.0150150e+02   3.9758406e+00
   9.0260260e+02   3.9709904e+00
   9.0370370e+02   3.9661520e+00
   9.0480480e+02   3.9613254e+00
   9.0590591e+02   3.9565105e+00
   9.0700701e+02   3.9517073e+00
   9.0810811e+02   3.9469158e+00
   9.0920921e+02   3.9421359e+00
   9.1031031e+02   3.9373675e+00
   9.1141141e+02   3.9326107e+00
   9.1251251e+02   3.9278653e+00
   9.1361361e+02   3.9231314e+00
   9.1471471e+02   3.9184089e+00
   9.1581582e+02   3.9136977e+00
   9.1691692e+02   3.9089978e+00
   9.1801802e+02   3.9043093e+00
   9.1911912e+02   3.8996319e+00
   9.2022022e+02   3.8949658e+00
   9.2132132e+02   3.8903108e+00
   9.2242242e+02   3.8856669e+00
   9.2352352e+02   3.8810341e+00
   9.2462462e+02   3.8764123e+00
   9.2572573e+02   3.8718015e+00
   9.2682683e+02   3.8672017e+00
   9.2792793e+02   3.8626128e+00
   9.2902903e+02   3.8580347e+00
   9.3013013e+02   3.8534675e+00
   9.3123123e+02   3.8489111e+00
   9.3233233e+02   3.8443655e+00
   9.3343343e+02   3.8398306e+00
   9.3453453e+02   3.8353064e+00
   9.3563564e+02   3.8307928e+00
   9.3673674e+02   3.8262898e+00
   9.3783784e+02   3.8217974e+00
   9.3893894e+02   3.8173156e+00
   9.4004004e+02   3.8128442e+00
   9.4114114e+02   3.8083833e+00
   9.4224224e+02   3.8039329e+00
   9.4334334e+02   3.7994928e+00
   9.4444444e+02   3.7950631e+00
   9.4554555e+02   3.7906437e+00
   9.4664665e+02   3.7862346e+00
   9.4774775e+02   3.7818357e+00
   9.4884885e+02   3.7774470e+00
   9.4994995e+02   3.7730685e+00
   9.5105105e+02   3.7687002e+00
   9.5215215e+02   3.7643419e+00
   9.5325325e+02   3.7599937e+00
   9.5435435e+02   3.7556556e+00
   9.5545546e+02   3.7513274e+00
   9.5655656e+02   3.7470092e+00
   9.5765766e+02   3.7427010e+00
   9.5875876e+02   3.7384026e+00
   9.5985986e+02   3.7341141e+00
   9.6096096e+02   3.7298354e+00
   9.6206206e+02   3.7255666e+00
   9.6316316e+02   3.7213074e+00
   9.6426426e+02   3.7170581e+00
   9.6536537e+02   3.7128184e+00
   9.6646647e+02   3.7085883e+00
   9.6756757e+02   3.7043679e+00
   9.6866867e+02   3.7001571e+00
   9.6976977e+02   3.6959558e+00
   9.7087087e+02   3.6917641e+00
   9.7197197e+02   3.6875819e+00
   9.7307307e+02   3.6834091e+00
   9.7417417e+02   3.6792458e+00
   9.7527528e+02   3.6750919e+00
   9.7637638e+02   3.6709473e+00
   9.7747748e+02   3.6668121e+00
   9.7857858e+02   3.6626862e+00
   9.7967968e+02   3.6585696e+00
   9.8078078e+02   3.6544622e+00
   9.8188188e+02   3.6503640e+00
   9.8298298e+02   3.6462750e+00
   9.8408408e+02   3.6421951e+00
   9.8518519e+02   3.6381244e+00
   9.8628629e+02   3.6340627e+00
   9.8738739e+02   3.6300102e+00
   9.8848849e+02   3.6259666e+00
   9.8958959e+02   3.6219320e+00
   9.9069069e+02   3.6179065e+00
   9.9179179e+02   3.6138898e+00
   9.9289289e+02   3.6098821e+00
   9.9399399e+02   3.6058832e+00
   9.9509510e+02   3.6018932e+00
   9.9619620e+02   3.5979120e+00
   9.9729730e+02   3.5939396e+00
   9.9839840e+02   3.5899760e+00
   9.9949950e+02   3.5860211e+00
   1.0006006e+03   3.5820749e+00
   1.0017017e+03   3.5781373e+00
   1.0028028e+03   3.5742084e+00
   1.0039039e+03   3.5702882e+00
   1.0050050e+03   3.5663765e+00
   1.0061061e+03   3.5624734e+00
   1.0072072e+03   3.5585788e+00
   1.0083083e+03   3.5546928e+00
   1.0094094e+03   3.5508152e+00
   1.0105105e+03   3.5469460e+00
   1.0116116e+03   3.5430853e+00
   1.0127127e+03   3.5392330e+00
   1.0138138e+03   3.5353890e+00
   1.0149149e+03   3.5315534e+00
   1.0160160e+03   3.5277261e+00
   1.0171171e+03   3.5239071e+00
   1.0182182e+03   3.5200964e+00
   1.0193193e+03   3.5162938e+00
   1.0204204e+03   3.5124995e+00
   1.0215215e+03   3.5087134e+00
   1.0226226e+03   3.5049354e+00
   1.0237237e+03   3.5011656e+00
   1.0248248e+03   3.4974038e+00
   1.0259259e+03   3.4936501e+00
   1.0270270e+03   3.4899045e+00
   1.0281281e+03   3.4861669e+00
   1.0292292e+03   3.4824373e+00
   1.0303303e+03   3.4787157e+00
   1.0314314e+03   3.4750020e+00
   1.0325325e+03   3.4712962e+00
   1.0336336e+03   3.4675983e+00
   1.0347347e+03   3.4639083e+00
   1.0358358e+03   3.4602262e+00
   1.0369369e+03   3.4565518e+00
   1.0380380e+03   3.4528853e+00
   1.0391391e+03   3.4492265e+00
   1.0402402e+03   3.4455755e+00
   1.0413413e+03   3.4419322e+00
   1.0424424e+03   3.4382965e+00
   1.0435435e+03   3.4346686e+00
   1.0446446e+03   3.4310483e+00
   1.0457457e+03   3.4274356e+00
   1.0468468e+03   3.4238306e+00
   1.0479479e+03   3.4202331e+00
   1.0490490e+03   3.4166431e+00
   1.0501502e+03   3.4130607e+00
   1.0512513e+03   3.4094858e+00
   1.0523524e+03   3.4059184e+00
   1.0534535e+03   3.4023584e+00
   1.0545546e+03   3.3988059e+00
   1.0556557e+03   3.3952608e+00
   1.0567568e+03   3.3917230e+00
   1.0578579e+03   3.3881927e+00
   1.0589590e+03   3.3846696e+00
   1.0600601e+03   3.3811539e+00
   1.0611612e+03   3.3776455e+00
   1.0622623e+03   3.3741444e+00
   1.0633634e+03   3.3706505e+00
   1.0644645e+03   3.3671638e+00
   1.0655656e+03   3.3636844e+00
   1.0666667e+03   3.3602121e+00
   1.0677678e+03   3.3567470e+00
   1.0688689e+03   3.3532890e+00
   1.0699700e+03   3.3498382e+00
   1.0710711e+03   3.3463944e+00
   1.0721722e+03   3.3429577e+00
   1.0732733e+03   3.3395281e+00
   1.0743744e+03   3.3361055e+00
   1.0754755e+03   3.3326899e+00
   1.0765766e+03   3.3292813e+00
   1.0776777e+03   3.3258796e+00
   1.0787788e+03   3.3224849e+00
   1.0798799e+03   3.3190972e+00
   1.0809810e+03   3.3157163e+00
   1.0820821e+03   3.3123423e+00
   1.0831832e+03   3.3089752e+00
   1.0842843e+03   3.3056149e+00
   1.0853854e+03   3.3022614e+00
   1.0864865e+03   3.2989147e+00
   1.0875876e+03   3.2955748e+00
   1.0886887e+03   3.2922417e+00
   1.0897898e+03   3.2889152e+00
   1.0908909e+03   3.2855955e+00
   1.0919920e+03   3.2822825e+00
   1.0930931e+03   3.2789762e+00
   1.0941942e+03   3.2756765e+00
   1.0952953e+03   3.2723835e+00
   1.0963964e+03   3.2690971e+00
   1.0974975e+03   3.2658172e+00
   1.0985986e+03   3.2625440e+00
   1.0996997e+03   3.2592773e+00
   1.1008008e+03   3.2560171e+00
   1.1019019e+03   3.2527635e+00
   1.1030030e+03   3.2495163e+00
   1.1041041e+03   3.2462756e+00
   1.1052052e+03   3.2430414e+00
   1.1063063e+03   3.2398136e+00
   1.1074074e+03   3.2365923e+00
   1.1085085e+03   3.2333773e+00
   1.1096096e+03   3.2301687e+00
   1.1107107e+03   3.2269665e+00
   1.1118118e+03   3.2237706e+00
   1.1129129e+03   3.2205811e+00
   1.1140140e+03   3.2173978e+00
   1.1151151e+03   3.2142208e+00
   1.1162162e+03   3.2110501e+00
   1.1173173e+03   3.2078857e+00
   1.1184184e+03   3.2047275e+00
   1.1195195e+03   3.2015755e+00
   1.1206206e+03   3.1984297e+00
   1.1217217e+03   3.1952900e+00
   1.1228228e+03   3.1921566e+00
   1.1239239e+03   3.1890292e+00
   1.1250250e+03   3.1859080e+00
   1.1261261e+03   3.1827929e+00
   1.1272272e+03   3.1796839e+00
   1.1283283e+03   3.1765809e+00
   1.1294294e+03   3.1734840e+00
   1.1305305e+03   3.1703931e+00
   1.1316316e+03   3.1673083e+00
   1.1327327e+03   3.1642294e+00
   1.1338338e+03   3.1611565e+00
   1.1349349e+03   3.1580896e+00
   1.1360360e+03   3.1550287e+00
   1.1371371e+03   3.1519736e+00
   1.1382382e+03   3.1489245e+00
   1.1393393e+03   3.1458812e+00
   1.1404404e+03   3.1428439e+00
   1.1415415e+03   3.1398124e+00
   1.1426426e+03   3.1367867e+00
   1.1437437e+03   3.1337669e+00
   1.1448448e+03   3.1307528e+00
   1.1459459e+03   3.1277446e+00
   1.1470470e+03   3.1247421e+00
   1.1481481e+03   3.1217454e+00
   1.1492492e+03   3.1187545e+00
   1.1503504e+03   3.1157692e+00
   1.1514515e+03   3.1127897e+00
   1.1525526e+03   3.1098159e+00
   1.1536537e+03   3.1068477e+00
   1.1547548e+03   3.1038852e+00
   1.1558559e+03   3.1009284e+00
   1.1569570e+03   3.0979772e+00
   1.1580581e+03   3.0950316e+00
   1.1591592e+03   3.0920916e+00
   1.1602603e+03   3.0891571e+00
   1.1613614e+03   3.0862283e+00
   1.1624625e+03   3.0833049e+00
   1.1635636e+03   3.0803871e+00
   1.1646647e+03   3.0774749e+00
   1.1657658e+03   3.0745681e+00
   1.1668669e+03   3.0716668e+00
   1.1679680e+03   3.0687710e+00
   1.1690691e+03   3.0658807e+00
   1.1701702e+03   3.0629957e+00
   1.1712713e+03   3.0601162e+00
   1.1723724e+03   3.0572422e+00
   1.1734735e+03   3.0543735e+00
   1.1745746e+03   3.0515102e+00
   1.1756757e+03   3.0486522e+00
   1.1767768e+03   3.0457996e+00
   1.1778779e+03   3.0429523e+00
   1.1789790e+03   3.0401104e+00
   1.1800801e+03   3.0372737e+00
   1.1811812e+03   3.0344424e+00
   1.1822823e+03   3.0316163e+00
   1.1833834e+03   3.0287955e+00
   1.1844845e+03   3.0259799e+00
   1.1855856e+03   3.0231696e+00
   1.1866867e+03   3.0203644e+00
   1.1877878e+03   3.0175645e+00
   1.1888889e+03   3.0147697e+00
   1.1899900e+03   3.0119802e+00
   1.1910911e+03   3.0091957e+00
   1.1921922e+03   3.0064165e+00
   1.1932933e+03   3.0036423e+00
   1.1943944e+03   3.0008733e+00
   1.1954955e+03   2.9981094e+00
   1.1965966e+03   2.9953505e+00
   1.1976977e+03   2.9925968e+00
   1.1987988e+03   2.9898480e+00
   1.1998999e+03   2.9871044e+00
   1.2010010e+03   2.9843657e+00
   1.2021021e+03   2.9816321e+00
   1.2032032e+03   2.9789035e+00
   1.2043043e+03   2.9761799e+00
   1.2054054e+03   2.9734612e+00
   1.2065065e+03   2.9707475e+00
   1.2076076e+03   2.9680388e+00
   1.2087087e+03   2.9653350e+00
   1.2098098e+03   2.9626361e+00
   1.2109109e+03   2.9599422e+00
   1.2120120e+03   2.9572531e+00
   1.2131131e+03   2.9545689e+00
   1.2142142e+03   2.9518895e+00
   1.2153153e+03   2.9492151e+00
   1.2164164e+03   2.9465454e+00
   1.2175175e+03   2.9438806e+00
   1.2186186e+03   2.9412207e+00
   1.2197197e+03   2.9385655e+00
   1.2208208e+03   2.9359151e+00
   1.2219219e+03   2.9332695e+00
   1.2230230e+03   2.9306286e+00
   1.2241241e+03   2.9279925e+00
   1.2252252e+03   2.9253611e+00
   1.2263263e+03   2.9227345e+00
   1.2274274e+03   2.9201126e+00
   1.2285285e+03   2.9174953e+00
   1.2296296e+03   2.9148828e+00
   1.2307307e+03   2.9122749e+00
   1.2318318e+03   2.9096717e+00
   1.2329329e+03   2.9070732e+00
   1.2340340e+03   2.9044793e+00
   1.2351351e+03   2.9018900e+00
   1.2362362e+03   2.8993053e+00
   1.2373373e+03   2.8967252e+00
   1.2384384e+03   2.8941497e+00
   1.2395395e+03   2.8915788e+00
   1.2406406e+03   2.8890124e+00
   1.2417417e+03   2.8864506e+00
   1.2428428e+03   2.8838934e+00
   1.2439439e+03   2.8813406e+00
   1.2450450e+03   2.8787924e+00
   1.2461461e+03   2.8762487e+00
   1.2472472e+03   2.8737095e+00
   1.2483483e+03   2.8711747e+00
   1.2494494e+03   2.8686445e+00
   1.2505506e+03   2.8661186e+00
   1.2516517e+03   2.8635973e+00
   1.2527528e+03   2.8610803e+00
   1.2538539e+03   2.8585678e+00
   1.2549550e+03   2.8560597e+00
   1.2560561e+03   2.8535560e+00
   1.2571572e+03   2.8510566e+00
   1.2582583e+03   2.8485617e+00
   1.2593594e+03   2.8460711e+00
   1.2604605e+03   2.8435848e+00
   1.2615616e+03   2.8411029e+00
   1.2626627e+03   2.8386254e+00
   1.2637638e+03   2.8361521e+00
   1.2648649e+03   2.8336831e+00
   1.2659660e+03   2.8312185e+00
   1.2670671e+03   2.8287581e+00
   1.2681682e+03   2.8263020e+00
   1.2692693e+03   2.8238502e+00
   1.2703704e+03   2.8214026e+00
   1.2714715e+03   2.8189592e+00
   1.2725726e+03   2.8165201e+00
   1.2736737e+03   2.8140852e+00
   1.2747748e+03   2.8116545e+00
   1.2758759e+03   2.8092280e+00
   1.2769770e+03   2.8068057e+00
   1.2780781e+03   2.8043875e+00
   1.2791792e+03   2.8019736e+00
   1.2802803e+03   2.7995637e+00
   1.2813814e+03   2.7971581e+00
   1.2824825e+03   2.7947565e+00
   1.2835836e+03   2.7923591e+00
   1.2846847e+03   2.7899657e+00
   1.2857858e+03   2.7875765e+00
   1.2868869e+03   2.7851914e+00
   1.2879880e+03   2.7828103e+00
   1.2890891e+03   2.7804333e+00
   1.2901902e+03   2.7780604e+00
   1.2912913e+03   2.7756915e+00
   1.2923924e+03   2.7733266e+00
   1.2934935e+03   2.7709658e+00
   1.2945946e+03   2.7686090e+00
   1.2956957e+03   2.7662562e+00
   1.2967968e+03   2.7639074e+00
   1.2978979e+03   2.7615626e+00
   1.2989990e+03   2.7592217e+00
   1.3001001e+03   2.7568848e+00
   1.3012012e+03   2.7545519e+00
   1.3023023e+03   2.7522229e+00
   1.3034034e+03   2.7498979e+00
   1.3045045e+03   2.7475768e+00
   1.3056056e+03   2.7452595e+00
   1.3067067e+03   2.7429462e+00
   1.3078078e+03   2.7406368e+00
   1.3089089e+03   2.7383313e+00
   1.3100100e+03   2.7360297e+00
   1.3111111e+03   2.7337319e+00
   1.3122122e+03   2.7314380e+00
   1.3133133e+03   2.7291479e+00
   1.3144144e+03   2.7268616e+00
   1.3155155e+03   2.7245792e+00
   1.3166166e+03   2.7223006e+00
   1.3177177e+03   2.7200258e+00
   1.3188188e+03   2.7177549e+00
   1.3199199e+03   2.7154877e+00
   1.3210210e+03   2.7132242e+00
   1.3221221e+03   2.7109646e+00
   1.3232232e+03   2.7087087e+00
   1.3243243e+03   2.7064566e+00
   1.3254254e+03   2.7042082e+00
   1.3265265e+03   2.7019635e+00
   1.3276276e+03   2.6997226e+00
   1.3287287e+03   2.6974853e+00
   1.3298298e+03   2.6952518e+00
   1.3309309e+03   2.6930220e+00
   1.3320320e+03   2.6907958e+00
   1.3331331e+03   2.6885734e+00
   1.3342342e+03   2.6863546e+00
   1.3353353e+03   2.6841394e+00
   1.3364364e+03   2.6819280e+00
   1.3375375e+03   2.6797201e+00
   1.3386386e+03   2.6775159e+00
   1.3397397e+03   2.6753153e+00
   1.3408408e+03   2.6731183e+00
   1.3419419e+03   2.6709250e+00
   1.3430430e+03   2.6687352e+00
   1.3441441e+03   2.6665490e+00
   1.3452452e+03   2.6643664e+00
   1.3463463e+03   2.6621874e+00
   1.3474474e+03   2.6600119e+00
   1.3485485e+03   2.6578400e+00
   1.3496496e+03   2.6556716e+00
   1.3507508e+03   2.6535068e+00
   1.3518519e+03   2.6513454e+00
   1.3529530e+03   2.6491876e+00
   1.3540541e+03   2.6470334e+00
   1.3551552e+03   2.6448826e+00
   1.3562563e+03   2.6427353e+00
   1.3573574e+03   2.6405915e+00
   1.3584585e+03   2.6384511e+00
   1.3595596e+03   2.6363143e+00
   1.3606607e+03   2.6341808e+00
   1.3617618e+03   2.6320509e+00
   1.3628629e+03   2.6299244e+00
   1.3639640e+03   2.6278013e+00
   1.3650651e+03   2.6256816e+00
   1.3661662e+03   2.6235654e+00
   1.3672673e+03   2.6214525e+00
   1.3683684e+03   2.6193431e+00
   1.3694695e+03   2.6172371e+00
   1.3705706e+03   2.6151344e+00
   1.3716717e+03   2.6130351e+00
   1.3727728e+03   2.6109392e+00
   1.3738739e+03   2.6088466e+00
   1.3749750e+03   2.6067574e+00
   1.3760761e+03   2.6046716e+00
   1.3771772e+03   2.6025891e+00
   1.3782783e+03   2.6005099e+00
   1.3793794e+03   2.5984340e+00
   1.3804805e+03   2.5963614e+00
   1.3815816e+03   2.5942921e+00
   1.3826827e+03   2.5922262e+00
   1.3837838e+03   2.5901635e+00
   1.3848849e+03   2.5881041e+00
   1.3859860e+03   2.5860480e+00
   1.3870871e+03   2.5839951e+00
   1.3881882e+03   2.5819455e+00
   1.3892893e+03   2.5798991e+00
   1.3903904e+03   2.5778560e+00
   1.3914915e+03   2.5758161e+00
   1.3925926e+03   2.5737795e+00
   1.3936937e+03   2.5717460e+00
   1.3947948e+03   2.5697158e+00
   1.3958959e+03   2.5676888e+00
   1.3969970e+03   2.5656650e+00
   1.3980981e+03   2.5636443e+00
   1.3991992e+03   2.5616269e+00
   1.4003003e+03   2.5596126e+00
   1.4014014e+03   2.5576014e+00
   1.4025025e+03   2.5555935e+00
   1.4036036e+03   2.5535887e+00
   1.4047047e+03   2.5515870e+00
   1.4058058e+03   2.5495885e+00
   1.4069069e+03   2.5475930e+00
   1.4080080e+03   2.5456008e+00
   1.4091091e+03   2.5436116e+00
   1.4102102e+03   2.5416255e+00
   1.4113113e+03   2.5396425e+00
   1.4124124e+03   2.5376627e+00
   1.4135135e+03   2.5356859e+00
   1.4146146e+03   2.5337122e+00
   1.4157157e+03   2.5317415e+00
   1.4168168e+03   2.5297739e+00
   1.4179179e+03   2.5278094e+00
   1.4190190e+03   2.5258479e+00
   1.4201201e+03   2.5238895e+00
   1.4212212e+03   2.5219341e+00
   1.4223223e+03   2.5199817e+00
   1.4234234e+03   2.5180324e+00
   1.4245245e+03   2.5160860e+00
   1.4256256e+03   2.5141427e+00
   1.4267267e+03   2.5122024e+00
   1.4278278e+03   2.5102650e+00
   1.4289289e+03   2.5083307e+00
   1.4300300e+03   2.5063993e+00
   1.4311311e+03   2.5044709e+00
   1.4322322e+03   2.5025454e+00
   1.4333333e+03   2.5006230e+00
   1.4344344e+03   2.4987034e+00
   1.4355355e+03   2.4967868e+00
   1.4366366e+03   2.4948732e+00
   1.4377377e+03   2.4929625e+00
   1.4388388e+03   2.4910547e+00
   1.4399399e+03   2.4891498e+00
   1.4410410e+03   2.4872479e+00
   1.4421421e+03   2.4853488e+00
   1.4432432e+03   2.4834526e+00
   1.4443443e+03   2.4815594e+00
   1.4454454e+03   2.4796690e+00
   1.4465465e+03   2.4777815e+00
   1.4476476e+03   2.4758968e+00
   1.4487487e+03   2.4740151e+00
   1.4498498e+03   2.4721362e+00
   1.4509510e+03   2.4702601e+00
   1.4520521e+03   2.4683869e+00
   1.4531532e+03   2.4665165e+00
   1.4542543e+03   2.4646490e+00
   1.4553554e+03   2.4627843e+00
   1.4564565e+03   2.4609224e+00
   1.4575576e+03   2.4590633e+00
   1.4586587e+03   2.4572070e+00
   1.4597598e+03   2.4553535e+00
   1.4608609e+03   2.4535028e+00
   1.4619620e+03   2.4516549e+00
   1.4630631e+03   2.4498098e+00
   1.4641642e+03   2.4479675e+00
   1.4652653e+03   2.4461279e+00
   1.4663664e+03   2.4442911e+00
   1.4674675e+03   2.4424570e+00
   1.4685686e+03   2.4406257e+00
   1.4696697e+03   2.4387972e+00
   1.4707708e+03   2.4369714e+00
   1.4718719e+03   2.4351483e+00
   1.4729730e+03   2.4333279e+00
   1.4740741e+03   2.4315103e+00
   1.4751752e+03   2.4296953e+00
   1.4762763e+03   2.4278831e+00
   1.4773774e+03   2.4260736e+00
   1.4784785e+03   2.4242668e+00
   1.4795796e+03   2.4224626e+00
   1.4806807e+03   2.4206612e+00
   1.4817818e+03   2.4188624e+00
   1.4828829e+03   2.4170663e+00
   1.4839840e+03   2.4152729e+00
   1.4850851e+03   2.4134821e+00
   1.4861862e+03   2.4116940e+00
   1.4872873e+03   2.4099085e+00
   1.4883884e+03   2.4081256e+00
   1.4894895e+03   2.4063454e+00
   1.4905906e+03   2.4045679e+00
   1.4916917e+03   2.4027929e+00
   1.4927928e+03   2.4010206e+00
   1.4938939e+03   2.3992509e+00
   1.4949950e+03   2.3974838e+00
   1.4960961e+03   2.3957193e+00
   1.4971972e+03   2.3939574e+00
   1.4982983e+03   2.3921980e+00
   1.4993994e+03   2.3904413e+00
   1.5005005e+03   2.3886871e+00
   1.5016016e+03   2.3869356e+00
   1.5027027e+03   2.3851865e+00
   1.5038038e+03   2.3834401e+00
   1.5049049e+03   2.3816962e+00
   1.5060060e+03   2.3799548e+00
   1.5071071e+03   2.3782160e+00
   1.5082082e+03   2.3764797e+00
   1.5093093e+03   2.3747460e+00
   1.5104104e+03   2.3730148e+00
   1.5115115e+03   2.3712861e+00
   1.5126126e+03   2.3695599e+00
   1.5137137e+03   2.3678363e+00
   1.5148148e+03   2.3661151e+00
   1.5159159e+03   2.3643965e+00
   1.5170170e+03   2.3626803e+00
   1.5181181e+03   2.3609666e+00
   1.5192192e+03   2.3592555e+00
   1.5203203e+03   2.3575468e+00
   1.5214214e+03   2.3558405e+00
   1.5225225e+03   2.3541368e+00
   1.5236236e+03   2.3524355e+00
   1.5247247e+03   2.3507366e+00
   1.5258258e+03   2.3490402e+00
   1.5269269e+03   2.3473463e+00
   1.5280280e+03   2.3456548e+00
   1.5291291e+03   2.3439657e+00
   1.5302302e+03   2.3422791e+00
   1.5313313e+03   2.3405949e+00
   1.5324324e+03   2.3389131e+00
   1.5335335e+03   2.3372337e+00
   1.5346346e+03   2.3355567e+00
   1.5357357e+03   2.3338822e+00
   1.5368368e+03   2.3322100e+00
   1.5379379e+03   2.3305402e+00
   1.5390390e+03   2.3288729e+00
   1.5401401e+03   2.3272079e+00
   1.5412412e+03   2.3255452e+00
   1.5423423e+03   2.3238850e+00
   1.5434434e+03   2.3222271e+00
   1.5445445e+03   2.3205716e+00
   1.5456456e+03   2.3189185e+00
   1.5467467e+03   2.3172677e+00
   1.5478478e+03   2.3156192e+00
   1.5489489e+03   2.3139731e+00
   1.5500501e+03   2.3123294e+00
   1.5511512e+03   2.3106879e+00
   1.5522523e+03   2.3090488e+00
   1.5533534e+03   2.3074121e+00
   1.5544545e+03   2.3057776e+00
   1.5555556e+03   2.3041454e+00
   1.5566567e+03   2.3025156e+00
   1.5577578e+03   2.3008881e+00
   1.5588589e+03   2.2992628e+00
   1.5599600e+03   2.2976399e+00
   1.5610611e+03   2.2960193e+00
   1.5621622e+03   2.2944009e+00
   1.5632633e+03   2.2927848e+00
   1.5643644e+03   2.2911710e+00
   1.5654655e+03   2.2895594e+00
   1.5665666e+03   2.2879502e+00
   1.5676677e+03   2.2863432e+00
   1.5687688e+03   2.2847384e+00
   1.5698699e+03   2.2831359e+00
   1.5709710e+03   2.2815356e+00
   1.5720721e+03   2.2799376e+00
   1.5731732e+03   2.2783418e+00
   1.5742743e+03   2.2767483e+00
   1.5753754e+03   2.2751570e+00
   1.5764765e+03   2.2735679e+00
   1.5775776e+03   2.2719810e+00
   1.5786787e+03   2.2703963e+00
   1.5797798e+03   2.2688139e+00
   1.5808809e+03   2.2672336e+00
   1.5819820e+03   2.2656555e+00
   1.5830831e+03   2.2640797e+00
   1.5841842e+03   2.2625060e+00
   1.5852853e+03   2.2609345e+00
   1.5863864e+03   2.2593652e+00
   1.5874875e+03   2.2577981e+00
   1.5885886e+03   2.2562332e+00
   1.5896897e+03   2.2546704e+00
   1.5907908e+03   2.2531098e+00
   1.5918919e+03   2.2515513e+00
   1.5929930e+03   2.2499950e+00
   1.5940941e+03   2.2484408e+00
   1.5951952e+03   2.2468888e+00
   1.5962963e+03   2.2453389e+00
   1.5973974e+03   2.2437912e+00
   1.5984985e+03   2.2422456e+00
   1.5995996e+03   2.2407021e+00
   1.6007007e+03   2.2391608e+00
   1.6018018e+03   2.2376216e+00
   1.6029029e+03   2.2360844e+00
   1.6040040e+03   2.2345494e+00
   1.6051051e+03   2.2330165e+00
   1.6062062e+03   2.2314857e+00
   1.6073073e+03   2.2299570e+00
   1.6084084e+03   2.2284304e+00
   1.6095095e+03   2.2269059e+00
   1.6106106e+03   2.2253835e+00
   1.6117117e+03   2.2238631e+00
   1.6128128e+03   2.2223448e+00
   1.6139139e+03   2.2208286e+00
   1.6150150e+03   2.2193145e+00
   1.6161161e+03   2.2178024e+00
   1.6172172e+03   2.2162924e+00
   1.6183183e+03   2.2147845e+00
   1.6194194e+03   2.2132785e+00
   1.6205205e+03   2.2117747e+00
   1.6216216e+03   2.2102729e+00
   1.6227227e+03   2.2087731e+00
   1.6238238e+03   2.2072753e+00
   1.6249249e+03   2.2057796e+00
   1.6260260e+03   2.2042859e+00
   1.6271271e+03   2.2027942e+00
   1.6282282e+03   2.2013046e+00
   1.6293293e+03   2.1998169e+00
   1.6304304e+03   2.1983313e+00
   1.6315315e+03   2.1968477e+00
   1.6326326e+03   2.1953660e+00
   1.6337337e+03   2.1938864e+00
   1.6348348e+03   2.1924088e+00
   1.6359359e+03   2.1909331e+00
   1.6370370e+03   2.1894595e+00
   1.6381381e+03   2.1879878e+00
   1.6392392e+03   2.1865181e+00
   1.6403403e+03   2.1850504e+00
   1.6414414e+03   2.1835846e+00
   1.6425425e+03   2.1821208e+00
   1.6436436e+03   2.1806590e+00
   1.6447447e+03   2.1791991e+00
   1.6458458e+03   2.1777412e+00
   1.6469469e+03   2.1762852e+00
   1.6480480e+03   2.1748312e+00
   1.6491491e+03   2.1733791e+00
   1.6502503e+03   2.1719289e+00
   1.6513514e+03   2.1704807e+00
   1.6524525e+03   2.1690344e+00
   1.6535536e+03   2.1675901e+00
   1.6546547e+03   2.1661476e+00
   1.6557558e+03   2.1647071e+00
   1.6568569e+03   2.1632685e+00
   1.6579580e+03   2.1618318e+00
   1.6590591e+03   2.1603970e+00
   1.6601602e+03   2.1589641e+00
   1.6612613e+03   2.1575332e+00
   1.6623624e+03   2.1561041e+00
   1.6634635e+03   2.1546769e+00
   1.6645646e+03   2.1532516e+00
   1.6656657e+03   2.1518281e+00
   1.6667668e+03   2.1504066e+00
   1.6678679e+03   2.1489869e+00
   1.6689690e+03   2.1475691e+00
   1.6700701e+03   2.1461532e+00
   1.6711712e+03   2.1447392e+00
   1.6722723e+03   2.1433270e+00
   1.6733734e+03   2.1419166e+00
   1.6744745e+03   2.1405081e+00
   1.6755756e+03   2.1391015e+00
   1.6766767e+03   2.1376967e+00
   1.6777778e+03   2.1362938e+00
   1.6788789e+03   2.1348927e+00
   1.6799800e+03   2.1334934e+00
   1.6810811e+03   2.1320960e+00
   1.6821822e+03   2.1307004e+00
   1.6832833e+03   2.1293066e+00
   1.6843844e+03   2.1279147e+00
   1.6854855e+03   2.1265245e+00
   1.6865866e+03   2.1251362e+00
   1.6876877e+03   2.1237497e+00
   1.6887888e+03   2.1223650e+00
   1.6898899e+03   2.1209821e+00
   1.6909910e+03   2.1196010e+00
   1.6920921e+03   2.1182217e+00
   1.6931932e+03   2.1168442e+00
   1.6942943e+03   2.1154685e+00
   1.6953954e+03   2.1140946e+00
   1.6964965e+03   2.1127225e+00
   1.6975976e+03   2.1113521e+00
   1.6986987e+03   2.1099835e+00
   1.6997998e+03   2.1086167e+00
   1.7009009e+03   2.1072517e+00
   1.7020020e+03   2.1058884e+00
   1.7031031e+03   2.1045269e+00
   1.7042042e+03   2.1031671e+00
   1.7053053e+03   2.1018091e+00
   1.7064064e+03   2.1004529e+00
   1.7075075e+03   2.0990984e+00
   1.7086086e+03   2.0977456e+00
   1.7097097e+03   2.0963946e+00
   1.7108108e+03   2.0950454e+00
   1.7119119e+03   2.0936978e+00
   1.7130130e+03   2.0923520e+00
   1.7141141e+03   2.0910080e+00
   1.7152152e+03   2.0896656e+00
   1.7163163e+03   2.0883250e+00
   1.7174174e+03   2.0869861e+00
   1.7185185e+03   2.0856489e+00
   1.7196196e+03   2.0843134e+00
   1.7207207e+03   2.0829797e+00
   1.7218218e+03   2.0816476e+00
   1.7229229e+03   2.0803172e+00
   1.7240240e+03   2.0789886e+00
   1.7251251e+03   2.0776616e+00
   1.7262262e+03   2.0763363e+00
   1.7273273e+03   2.0750128e+00
   1.7284284e+03   2.0736909e+00
   1.7295295e+03   2.0723707e+00
   1.7306306e+03   2.0710521e+00
   1.7317317e+03   2.0697353e+00
   1.7328328e+03   2.0684201e+00
   1.7339339e+03   2.0671066e+00
   1.7350350e+03   2.0657947e+00
   1.7361361e+03   2.0644846e+00
   1.7372372e+03   2.0631760e+00
   1.7383383e+03   2.0618692e+00
   1.7394394e+03   2.0605640e+00
   1.7405405e+03   2.0592604e+00
   1.7416416e+03   2.0579585e+00
   1.7427427e+03   2.0566583e+00
   1.7438438e+03   2.0553596e+00
   1.7449449e+03   2.0540627e+00
   1.7460460e+03   2.0527673e+00
   1.7471471e+03   2.0514736e+00
   1.7482482e+03   2.0501815e+00
   1.7493493e+03   2.0488911e+00
   1.7504505e+03   2.0476022e+00
   1.7515516e+03   2.0463150e+00
   1.7526527e+03   2.0450294e+00
   1.7537538e+03   2.0437454e+00
   1.7548549e+03   2.0424631e+00
   1.7559560e+03   2.0411823e+00
   1.7570571e+03   2.0399032e+00
   1.7581582e+03   2.0386256e+00
   1.7592593e+03   2.0373497e+00
   1.7603604e+03   2.0360753e+00
   1.7614615e+03   2.0348025e+00
   1.7625626e+03   2.0335314e+00
   1.7636637e+03   2.0322618e+00
   1.7647648e+03   2.0309938e+00
   1.7658659e+03   2.0297274e+00
   1.7669670e+03   2.0284625e+00
   1.7680681e+03   2.0271992e+00
   1.7691692e+03   2.0259375e+00
   1.7702703e+03   2.0246774e+00
   1.7713714e+03   2.0234189e+00
   1.7724725e+03   2.0221619e+00
   1.7735736e+03   2.0209064e+00
   1.7746747e+03   2.0196526e+00
   1.7757758e+03   2.0184002e+00
   1.7768769e+03   2.0171495e+00
   1.7779780e+03   2.0159002e+00
   1.7790791e+03   2.0146526e+00
   1.7801802e+03   2.0134064e+00
   1.7812813e+03   2.0121619e+00
   1.7823824e+03   2.0109188e+00
   1.7834835e+03   2.0096773e+00
   1.7845846e+03   2.0084373e+00
   1.7856857e+03   2.0071988e+00
   1.7867868e+03   2.0059619e+00
   1.7878879e+03   2.0047265e+00
   1.7889890e+03   2.0034926e+00
   1.7900901e+03   2.0022603e+00
   1.7911912e+03   2.0010294e+00
   1.7922923e+03   1.9998001e+00
   1.7933934e+03   1.9985722e+00
   1.7944945e+03   1.9973459e+00
   1.7955956e+03   1.9961211e+00
   1.7966967e+03   1.9948978e+00
   1.7977978e+03   1.9936760e+00
   1.7988989e+03   1.9924556e+00
   1.8000000e+03   1.9912368e+00
